.Random.seed <-
c(403L, 10L, 1114820129L, 501182131L, -369126366L, -699052524L, 
1069892247L, 1229266061L, -1469705820L, 1724038026L, 486856693L, 
-86911409L, 422637910L, 1610308608L, 590370115L, 1276811489L, 
-1383321008L, 564612782L, -1788175783L, 195568235L, 1495615450L, 
673802396L, 1579461279L, -1111819L, -1377234548L, -1160700830L, 
-1076990915L, 1743527607L, 265764190L, 907945112L, 1993379835L, 
-535849575L, 506717736L, -631578922L, -1782203567L, -2142560765L, 
-1413430894L, 462724900L, 2136789479L, 2004188733L, -820664140L, 
1010810650L, 9712741L, -1591329537L, 437202310L, 556638992L, 
-806062157L, 1898667089L, 1799684096L, -1507741474L, -1127511255L, 
-172165413L, -2144360982L, -1993396852L, 2047705807L, -1464467835L, 
-889938628L, 1245700114L, -1969271027L, 1109519431L, 1135304238L, 
-1048631416L, 1742910091L, 151733353L, 321939512L, -1225154330L, 
-439162751L, -1168912365L, 1056036802L, -606883724L, 1175488119L, 
681760621L, -2014558204L, 1739563818L, 1105156245L, -54360273L, 
-195514826L, -516097440L, -866924381L, -1636176959L, -1494505552L, 
-1841622322L, -1023856583L, -1290607029L, -295965702L, -1710516484L, 
-115295425L, -1520356331L, -1370935508L, -2081864702L, -305551651L, 
-1850452521L, -1303453506L, 906973944L, 2042050779L, -650343623L, 
1994358408L, -351344074L, 1649222257L, 346167459L, 1529000434L, 
482091332L, 646117895L, -918648867L, -347889452L, -187252742L, 
1390360389L, -1491192929L, -268314330L, -532567632L, 607216211L, 
1284230513L, 1113644192L, -2112848834L, 1838986057L, 1823932923L, 
-2134530614L, -1559368916L, 1059324719L, -1634420251L, -236657508L, 
-386084622L, 326576493L, 1371670183L, -1785698098L, -1850022360L, 
760114731L, -320854967L, -920644264L, -264811514L, 1749151201L, 
1060476787L, -1844218910L, 684137300L, -1133119913L, -1692070323L, 
-1444257308L, -1019429942L, -1056768459L, 101565583L, -509055594L, 
216371520L, 1851878403L, -761721311L, -434898672L, -725125394L, 
-2099164519L, 1358619435L, -398045670L, -860314404L, -834684705L, 
1025005237L, -1890545588L, 479546530L, -635061251L, 1799735543L, 
-890991074L, -1466711848L, -2104024005L, -2118480423L, -279233688L, 
1055061654L, -1598836719L, -1775414845L, 1995152850L, -2147068828L, 
550470567L, 1939287293L, 1018038516L, -1971068966L, 1905816357L, 
-1130962369L, 813697478L, 758488656L, 2083770995L, -676075887L, 
-971153728L, 2108156062L, -412826519L, -511381349L, 811659690L, 
-464401972L, -220715889L, -1947779899L, 1894296700L, -1447616302L, 
1286471757L, -140519161L, -922809106L, 786326984L, -1014838581L, 
-327961815L, 1924764536L, -1005467482L, 211669697L, 1301324627L, 
-47894526L, 1792040244L, 1568151223L, 655993517L, 70069188L, 
-1874889750L, -81904555L, 855302639L, -1629591050L, 864874272L, 
-609247005L, -226519679L, 750367728L, 1677916814L, -577614343L, 
1236021131L, 1218997178L, 423383740L, 1475316223L, 1589237589L, 
788901996L, 896132290L, -1492005091L, 1684784535L, 286717182L, 
876715704L, 132481179L, 637906681L, -2007244728L, -1763511434L, 
523593393L, 1531406051L, 1421202866L, -895538372L, 303850482L, 
619302640L, -1897606588L, -1044918696L, 1153069882L, 746676720L, 
1083014844L, -1005138668L, -1594894654L, -368912288L, 995936124L, 
-2103432240L, 792268066L, 861427368L, 929311628L, 1205771452L, 
2050049842L, -1485219264L, 281649332L, -1182905784L, -1712583238L, 
673112592L, -2000169236L, 1775351124L, 137917714L, -722921056L, 
1766192844L, -1219391904L, -1249346622L, -1804326104L, -407798868L, 
2119810876L, -1027646094L, 985648944L, 10089764L, -464813256L, 
58195674L, 292481936L, 856038140L, -572521580L, -1864228798L, 
-281411328L, 193829948L, 1380914512L, 1187229858L, -187914936L, 
-1087386868L, 1836575452L, -852897454L, 1356630144L, -367383468L, 
-949533720L, -64840454L, 474316624L, 426915628L, 320241012L, 
1071611794L, -57615264L, -497203828L, -1116949664L, 303781346L, 
-998915160L, -813119284L, 1453249532L, -1513209422L, -993350160L, 
-949567548L, -513717928L, 437910906L, 368977840L, 115834300L, 
-1578486700L, -1441278014L, 1133168672L, -1714208580L, 1779086928L, 
-195086366L, 1770788968L, -75302836L, 515564796L, -2036471822L, 
520133888L, -935295628L, 1770815496L, -1163500614L, 512067024L, 
-1033273364L, 107480468L, -1420983854L, 379476320L, 830118732L, 
-553967328L, -611694718L, -296370456L, -1360828180L, -353023940L, 
1424551794L, -2142957968L, 2057874468L, -393650376L, -1572082534L, 
478909136L, -1921003332L, -1119015276L, -631001470L, 312942784L, 
-1916557508L, -1487466352L, 1076014626L, -93672440L, -1855861492L, 
-1113035620L, 178647570L, 1051997056L, -897378796L, -1581765080L, 
-1521853126L, 1326960080L, -869980052L, -961182412L, 202386066L, 
1968820064L, -185012404L, -839301152L, -1096270942L, 1029954472L, 
-381896308L, -287507268L, 985522546L, 425609456L, 1565587524L, 
1631970648L, -27768262L, 379719536L, -927208388L, 717529876L, 
432326082L, 1391668960L, 279358332L, -244354352L, -1968862046L, 
1115906088L, -1574520564L, 1638534076L, 492182834L, 197738944L, 
-1898702284L, 580497352L, 2117229754L, 1667494288L, 1729249772L, 
1460508244L, 1222005906L, 191259424L, -471801396L, 2137789920L, 
-198539582L, 1985464360L, 1083848364L, 286646460L, -1009820174L, 
-483365584L, -1079163740L, -2058282312L, 2106169690L, -154056304L, 
-359839876L, -1434031852L, -1051353278L, -1980797184L, 1646961596L, 
-1792085168L, -65020126L, 1855890760L, 923905548L, 577869916L, 
-1804742446L, -1946956288L, -939421356L, 1119763944L, -32244742L, 
-1014965040L, -268150484L, -1102174476L, -1193935470L, 926441568L, 
1345025292L, 1985354464L, -1842791070L, -38149464L, -741463476L, 
-902957700L, 1349720370L, 504999024L, 74074948L, -253296168L, 
1606161530L, -1687935440L, -2041298244L, 1958433620L, 797175874L, 
1448290720L, 898561724L, 103841232L, -1178919582L, -2054608920L, 
1067053004L, 337421052L, 671053298L, -9417600L, 899258612L, -122185080L, 
607308602L, -129276080L, 1558370924L, 726104212L, 1315570002L, 
-147597600L, 250758860L, -493156192L, 41289602L, 686270184L, 
-1978683668L, -749531076L, 190768754L, -1120324496L, -1448091876L, 
-1783771507L, 985116407L, 731259392L, -1568740258L, -580759765L, 
645192749L, -1496347494L, -222232488L, 342828993L, -917264269L, 
-1196506732L, -828633054L, -519506121L, 2133850625L, -1842461946L, 
2030538564L, -1897307531L, -1170189345L, -603334856L, -1841032938L, 
1868057891L, 718839525L, 1542514434L, 1179307376L, -309474023L, 
-783399669L, -1825987076L, -1407402454L, 1410180703L, -1317308951L, 
761685758L, 1294079724L, 817980989L, 1680561671L, -1200866832L, 
-148903538L, -1262092357L, 153840029L, -1822529718L, -1871946904L, 
453942609L, -1406865853L, -1817455804L, 1191882738L, -1841713721L, 
-550587503L, 271133462L, 2032263028L, 189472261L, 1083573839L, 
1355891272L, -1282698266L, 1567325459L, 853619317L, -1092935598L, 
1468109472L, -226812023L, -648971333L, 1109490700L, -1949832806L, 
-557618929L, -551250087L, 1088567790L, 983098492L, 1972175085L, 
-94451817L, 1321820256L, -413646274L, -273087733L, 143292813L, 
-2099625286L, -840857352L, 1773778593L, 578014803L, 1626009972L, 
1869162242L, 490278807L, 1200783713L, 935676326L, 1244908452L, 
1192179285L, 1930114815L, 1482398616L, 1531059382L, 1770649923L, 
371372165L, 999409954L, 1358772752L, 1527030201L, 940626539L, 
-129118884L, -1236730742L, 360109183L, -1723933239L, 1338234462L, 
-1513499380L, -1454042915L, -1444094489L, -1275853296L, -617981138L, 
1603682267L, 1678098621L, 1122232874L, -1760766264L, 1806144497L, 
235705699L, 932687204L, -434712430L, -1052588697L, -1059872975L, 
692687990L, -1586074220L, -1217300059L, 1350324911L, 1461687144L, 
-2035028154L, 1659410163L, 1053620309L, 384500786L, -20258304L, 
-2005937431L, 1518586203L, 131244972L, -856948806L, 538229103L, 
1049252601L, 2004425614L, -78240164L, -878971699L, 1753127991L, 
-1836632384L, 1241231774L, 2016217707L, 457003501L, 1320869978L, 
2095034136L, -543345535L, 619827763L, -1382010796L, -1293732766L, 
774937335L, 2109637953L, 1435370438L, 560636164L, -906846027L, 
